
Iteration 0:
- coaxial_stacking
	- A_coax_1_f6: 0.0
	- B_coax_1_f6: -0.0
	- a_coax_1: 0.0
	- a_coax_3p: 0.0
	- a_coax_4: 0.0
	- a_coax_4p: 0.0
	- a_coax_5: 0.0
	- a_coax_6: 0.0
	- cos_phi3_star_coax: 0.0
	- cos_phi4_star_coax: 0.0
	- delta_theta_star_coax_1: 0.0
	- delta_theta_star_coax_4: 0.0
	- delta_theta_star_coax_5: 0.0
	- delta_theta_star_coax_6: 0.0
	- dr0_coax: 0.0
	- dr_c_coax: 0.0
	- dr_high_coax: 0.0
	- dr_low_coax: 0.0
	- k_coax: 0.0
	- theta0_coax_1: 0.0
	- theta0_coax_4: 0.0
	- theta0_coax_5: 0.0
	- theta0_coax_6: 0.0
- cross_stacking
	- a_cross_1: 0.5862140536860965
	- a_cross_2: 0.3362834533790369
	- a_cross_3: 0.0
	- a_cross_4: -5.171490728604715
	- a_cross_7: 0.4734630162579156
	- a_cross_8: 0.0
	- delta_theta_star_cross_1: 0.021695957208671478
	- delta_theta_star_cross_2: -0.00011522727700655384
	- delta_theta_star_cross_3: 0.0
	- delta_theta_star_cross_4: -1.5357373427379768
	- delta_theta_star_cross_7: -0.0013060220450638906
	- delta_theta_star_cross_8: 0.0
	- dr_c_cross: -180.71525921030562
	- dr_high_cross: 0.13487105324497858
	- dr_low_cross: -0.16976383227587735
	- k_cross: -0.16976956094974402
	- r0_cross: 193.54079678298174
	- theta0_cross_1: 9.315471491244983
	- theta0_cross_2: 6.313565687834432
	- theta0_cross_3: 0.0
	- theta0_cross_4: 19.0085881633377
	- theta0_cross_7: 12.829688846646182
	- theta0_cross_8: 0.0
- debye
- excluded_volume
- fene
	- delta_backbone: -8.195740325110949
	- eps_backbone: 0.45304522946818426
	- r0_backbone: 21.076917028155286
- hydrogen_bonding
	- a_hb: -0.22937763734465988
	- a_hb_1: 0.04411406922753113
	- a_hb_2: 0.6205554794131141
	- a_hb_3: 0.0
	- a_hb_4: -15.157795292321266
	- a_hb_7: 0.07332712456880743
	- a_hb_8: 0.0
	- delta_theta_star_hb_1: 0.0012684973380246876
	- delta_theta_star_hb_2: -0.002298752559043247
	- delta_theta_star_hb_3: 0.0
	- delta_theta_star_hb_4: -0.4781217585646864
	- delta_theta_star_hb_7: -0.0037490426981753693
	- delta_theta_star_hb_8: 0.0
	- dr0_hb: 43.69364691499837
	- dr_c_hb: -7.519197655985016
	- dr_high_hb: 2.7137416589115402e-05
	- dr_low_hb: -0.12392351203177032
	- eps_hb: -6.536095996192684
	- theta0_hb_1: -1.9919109211138248
	- theta0_hb_2: -8.388964018816395
	- theta0_hb_3: 0.0
	- theta0_hb_4: -17.28106190669546
	- theta0_hb_7: 1.3620102393383486
	- theta0_hb_8: 0.0
- stacking
	- a_stack: 1.1130838293779082
	- a_stack_1: -0.00011055651844246671
	- a_stack_2: -0.0013749013853740256
	- a_stack_4: -4.094285223275099
	- a_stack_5: 16.773823617023687
	- a_stack_6: 0.0
	- delta_theta_star_stack_4: 0.0
	- delta_theta_star_stack_5: 0.004018948387573954
	- delta_theta_star_stack_6: 0.0
	- dr0_stack: -30.266726095173468
	- dr_c_stack: 8.424368526379137
	- dr_high_stack: 3.29498128629871e-05
	- dr_low_stack: 0.0
	- eps_stack_base: 9.459798981903157
	- eps_stack_kt_coeff: 0.9338398228302066
	- neg_cos_phi1_star_stack: -0.0
	- neg_cos_phi2_star_stack: -0.0
	- theta0_stack_4: 32.53030614223306
	- theta0_stack_5: -52.497573087655766
	- theta0_stack_6: 0.0
